180283
10
10
10
10
10
10
10
10
10
10
23
13
I
n
p
u
t
32
2
0
32
n
u
m
b
e
r
s
32
h
e
r
e
:
10
21
38
10
I
n
p
u
t
32
1
32
n
u
m
b
e
r
32
h
e
r
e
:
17419
33793
17420
33794
17408
82944
99396
33795
180325
17408
82944
99348
132183
33793
16384
81920
98382
32770
180335
18434
83970
100522
67585
34818
33282
17409
115713
180295
17444
33793
17445
33794
17408
82944
99424
33795
180325
16384
81920
98497
32770
180335
17409
18434
132206
115713
34820
16900
819201
100353
180327
180739
16384
81920
805888
18432
83968
100384
306176
167055
18432
83968
100362
306176
167055
18432
83968
100399
35843
83971
247969
18435
116794
247969
18432
83968
100362
117808
264192
33795
68611
35843
16387
180337
180738
15
146
10
I
n
p
u
t
32
e
r
r
o
r
!
!
10
17552
33793
17553
33794
17408
82944
99583
99390
33795
180325
10
10
10
10
10
10
10
10
10
10
10
10
10
10
10
10
10
10
10
10
10
10
32771
17409
82945
99347
18433
83969
100542
34817
19969
18945
83971
165070
180433
34820
83972
83972
34818
132326
18433
116737
34817
115713
18945
83971
165083
180446
34820
83972
83972
34821
16389
81922
165091
180453
34818
19969
180434
17648
33793
17649
33794
17408
82944
99583
99338
33795
180325
23
242
T
h
e
32
c
l
o
s
e
s
t
32
n
u
m
b
e
r
32
i
s
:
32
35841
16385
18434
83970
100362
19458
84994
101566
35841
19458
84994
35842
280576
34305
17409
115713
33793
17410
99329
33794
17411
82947
99583
99370
33795
131587
17412
82948
99583
99350
33796
180740
17409
99329
33793
17921
99376
820225
17410
115713
33794
16388
81924
98559
98362
32772
132612
180739
16384
81920
98314
819201
